0000111100001111
0000111000111001
0000101010101011
0000010101110010
0000001010010110
0000001010010110
0000001010010110
0000001010010110
0000111000111001
0000110000110001
0000100111011001
0000001111100001
0000001010010110
0000001010010110
0000001010010110
0000001010010110
0000101010101011
0000100111011001
0000010010010010
0000001010010110
0000001010010110
0000001010010110
0000001010010110
0000001010010110
0000010101110010
0000001111100001
0000001010010110
0000001010010110
0000001010010110
0000001010010110
0000001010010110
0000001010010110
0000001010010110
0000001010010110
0000001010010110
0000001010010110
0000001010010110
0000001010010110
0000001010010110
0000001010010110
0000001010010110
0000001010010110
0000001010010110
0000001010010110
0000001010010110
0000001010010110
0000001010010110
0000001010010110
0000001010010110
0000001010010110
0000001010010110
0000001010010110
0000001010010110
0000001010010110
0000001010010110
0000001010010110
0000001010010110
0000001010010110
0000001010010110
0000001010010110
0000001010010110
0000001010010110
0000001010010110
0000001010010110

