0001000000000000
0001011101000110
0001100110011010
0001000000000000
0000101010101011
0000011001100110
0000010100000101
0000010000110010
0001010101010101
0001010101010101
0001001001001001
0000110101111001
0000100111011001
0000010001101010
0000010001000100
0000010010101000
0001001001001001
0001001110110001
0001000000000000
0000101010101011
0000011001100110
0000010001111110
0000001110110110
0000010010010010
0001001001001001
0000111100001111
0000101110100011
0000100011010100
0000010100000101
0000001011110001
0000001100110011
0000010000100001
0000111000111001
0000101110100011
0000011011101011
0000010010010010
0000001111000100
0000001001011001
0000001001111100
0000001101010011
0000101010101011
0000011101010000
0000010010101000
0000010000000000
0000001100101001
0000001001110110
0000001001000100
0000001011001000
0000010100111001
0000010000000000
0000001101001000
0000001011110001
0000001001111100
0000001000011110
0000001000100010
0000001010001001
0000001110001110
0000001011001000
0000001010110010
0000001010011101
0000001001001001
0000001010001111
0000001001111100
0000001010010110
